\out=
~1
Returns (Fund vs. Benchmark)
[
-0.893261320594374 -16.5237724084178
6.64835461191322 -6.9561157796452
-13.8899158690587 0.978424485700002
-7.42083726309821 -8.2111801242236
3.17855669949858 -10.7457030721342
-6.59786522873157 8.339651250948
3.48606686727264 9.923023093072
-0.682005428813126 5.85688820982899
-2.43289592602041 -0.0721674284340001
-5.76926099972037 7.462686567164
-3.05327482058277 3.69623655914
-1.00636347251863 3.54288183192899
0.0782182723713332 -1.919465887753
3.38911087514397 6.15826419910701
-0.217281242107792 1.903616872057
-3.63498264210177 -3.6279618523252
5.61440844291543 3.12181187512801
3.24354516878298 6.08428967154699
7.33192779132095 1.548074232957
5.81561666835948 -7.9437964918725
-0.406389365681947 -5.1775738228252
-6.98223722952097 6.82798527091
12.3711679600035 -4.5006893834942
2.87384595849236 8.961534495205
1.8778094684559 3.823585084232
7.63391664696429 0
-2.23667161458249 6.68185961713801
4.66224451477453 2.332735196104
-0.788235453975683 3.473613894456
-8.07078998275932 0.00806972240199322
-0.978130017823486 2.896796578714
-2.87636811199844 -1.1213927227102
7.97482267628187 -1.6892695693552
8.60965529420248 -2.000645369474
1.20791622426788 -5.4988475469213
4.76889077637657 -6.9425087108014
18.6283281925775 10.923897781522
6.11793431938426 -0.4135021097046
-0.865787441111299 1.050758410304
1.07915664726004 4.63731656184501
-2.01835813630018 4.33563071005001
-7.11981744412673 3.218373146939
8.11806477589498 -0.669742521208505
9.52026643043675 -6.0008990110878
-2.96600202876063 4.056746632661
-1.69208852051672 1.17953431372499
4.09867474496914 2.50567751703299
-2.61735286232427 2.54043275976701
2.73029144176504 -1.8221101908534
-1.09948485009037 0.564847417839998
3.55118726143842 0.897220803850995
-2.86508248957761 5.118565644881
-7.10477189588519 1.27235213204999
6.12734042211471 3.796264855688
1.0860315129092 1.92358021460399
6.0154171502939 2.36230581589401
0.363614841755688 -1.33575818387059
4.08090354462769 5.167482361914
1.21137768806991 -2.9977033724163
-4.4688306021859 3.16510903426801
7.9975253586303 4.626162580022
9.25002054235966 2.966982221196
-1.12943348186301 2.58997645476
-4.34278449974245 -3.5245901639344
1.80183112092489 4.55395072217499
10.3567603188175 0.828863968796001
3.07471154465189 0.693101225016002
5.12094831779006 2.321114134785
2.17648405452895 2.06508135168999
-8.37189862985007 0.827713059473001
]
Average Fund vs. Risk-Free Return
1.2668%
Standard Deviation of Fund vs. Risk-Free Return
5.6103%
Sharpe Ratio of Fund vs. Risk-Free Return
0.2258
Standard Deviation of Fund vs. Benchmark Return
7.5759%
Relative Standard Deviation
1.3504
Modigliani risk-adjusted performance
1.7106%
Sharpe Ratio of Fund vs. Benchmark
0.0275
~1
\err=
~1
~1
\status=0
